111111111111111111111111111111111111111111111111111111111111
111111000011000011001100001100001100001001100001100001111111
111111011011011011001101101101101101101001101101101101111111
111111011011011011001101101101101101101001101101101101111111
000011000011000011001100001100001100001001100001100001100001
011000000000000000000000000000000000000000000000000000001101
011000000000000000000000000000000000000000000000000000001101
011000000000000000000000000000000000000000000000000000001101
011011000011000011001100001100001100001001100001100001101101
111111000011000011001100001100001100001001100001100001111111
111111011011011011001101101101101101101001101101101101111111
111111011011011011001101101101101101101001101101101101111111
111111111111111111001111111111111111111001111111111111111111
111111111111111111001111111111111111111001111111111111111111
111111000011000011001100001100001100001001100001100001111111
111111011011011011001101101101101101101001101101101101111111
111111011011011011001101101101101101101001101101101101111111
000011000011000011001100001100001100001001100001100001100001
011000000000000000000000000000000000000000000000000000001101
011000000000000000000000000000000000000000000000000000001101
011000000000000000000000000000000000000000000000000000001101
011011000011000011001100001100001100001001100001100001101101
111111000011000011001100001100001100001001100001100001111111
111111011011011011001101101101101101101001101101101101111111
111111011011011011001101101101101101101001101101101101111111
111111111111111111111111111111111111111111111111111111111111
