75*104 ressources/map/house.png
00000000000000000000000000000000000000000000000000000000000000
00000000200000300000000010000030000020000000040000010000000000
00000000000000000000000000000000000000000000000000000000000000
00000000000000000000000000000000000000000000000000000000000000
00400000000000000000000000000000000000000000000000000000050000
00000000000000000000000000000000000000000000000000000000000000
00400000000000000000000000000000000000000000000000000000050000
00000000000000000000000000000000000000000000000000000000000000
00000000000000000000000000000000000000000000000000000000000000
00000000100000500000000010000010000040000000020000030000000000
00000000000000000000000000000000000000000000000000000000000000
00000000000000000000000000000000000000000000000000000000000000
00000000000000000000000000000000000000000000000000000000000000
00000000000000000000000000000000000000000000000000000000000000
00000000300000100000000020000010000040000000050000010000000000
00000000000000000000000000000000000000000000000000000000000000
00000000000000000000000000000000000000000000000000000000000000
00500000000000000000000000000000000000000000000000000000040000
00000000000000000000000000000000000000000000000000000000000000
00500000000000000000000000000000000000000000000000000000040000
00000000000000000000000000000000000000000000000000000000000000
00000000000000000000000000000000000000000000000000000000000000
00000000100000300000000050000010000020000000010000030000000000
00000000000000000000000000000000000000000000000000000000000000
00000000000000000000000000000000000000000000000000000000000000
00000000000000000000000000000000000000000000000000000000000000